20 11
0 0 0 0 0 0 0 0 0 0 0 0 0 0 0 0 0 0 0 0
0 0 0 0 0 0 0 0 0 0 0 0 0 0 0 0 0 0 0 0
0 3 3 1 2 1 2 1 2 1 2 1 2 1 2 1 2 4 4 0
0 3 3 2 1 2 1 2 1 2 1 2 1 2 1 2 1 4 4 0
0 3 3 1 2 1 2 1 2 5 5 1 2 1 2 1 2 4 4 0
0 0 0 2 1 2 1 2 1 5 5 2 1 2 1 2 1 0 0 0
0 0 0 1 2 1 2 1 2 1 2 1 2 1 2 1 2 0 0 0
0 0 0 2 1 2 1 2 1 2 1 2 1 2 1 2 1 0 0 0
0 0 0 1 2 1 2 1 2 1 2 1 2 1 2 1 2 0 0 0
0 0 0 0 0 0 0 0 0 0 0 0 0 0 0 0 0 0 0 0
0 0 0 0 0 0 0 0 0 0 0 0 0 0 0 0 0 0 0 0
TIME 90
COIN 5 3 Yellow
COIN 7 7 Red
COIN 10 4 Blue
COIN 14 6 Green
SPECIAL LifeSource 6 8
SPECIAL Bomb 12 8
SPECIAL Bomb 15 4
ENEMY LINEAR 6 2 4 0 1
ENEMY SEARCH 9 6 1
ENEMY AMBUSH 13 3 1
