22 9
0 0 0 0 0 0 0 0 0 0 0 0 0 0 0 0 0 0 0 0 0 0
0 0 0 0 0 1 2 1 2 1 2 1 2 1 2 1 2 0 0 0 0 0
0 0 0 0 0 2 1 2 1 2 1 2 1 2 1 2 1 0 0 0 0 0
0 3 3 3 2 1 2 1 2 1 2 1 2 1 2 1 2 1 4 4 4 0
0 3 3 3 1 2 1 2 1 2 1 2 1 2 1 2 1 2 4 4 4 0
0 0 0 0 0 1 2 1 2 1 2 1 2 1 2 1 2 0 0 0 0 0
0 0 0 0 0 2 1 2 1 2 1 2 1 2 1 2 1 0 0 0 0 0
0 0 0 0 0 0 0 0 0 0 0 0 0 0 0 0 0 0 0 0 0 0
0 0 0 0 0 0 0 0 0 0 0 0 0 0 0 0 0 0 0 0 0 0
PLAYER 2 4
COIN 10 4 Yellow
ENEMY BASIC BasicEnemy 6 3 2 1 0
ENEMY BASIC BasicEnemy 14 5 2 0 1
ENEMY ORANGE Orange 6 2 2 6,2;16,2;16,6;6,6
ENEMY PINK Pink 10 5 1
ENEMY RED Red 14 3 1