18 10
0 0 0 0 0 0 0 0 0 0 0 0 0 0 0 0 0 0
0 0 0 0 0 0 0 0 0 0 0 0 0 0 0 0 0 0
0 3 3 1 2 1 2 1 2 5 5 1 2 1 2 4 4 0
0 3 3 2 1 2 1 2 1 5 5 2 1 2 1 4 4 0
0 3 3 1 2 1 2 1 2 1 2 1 2 1 2 4 4 0
0 0 0 2 1 2 1 2 1 2 1 2 1 2 1 0 0 0
0 0 0 1 2 1 2 1 2 1 2 1 2 1 2 0 0 0
0 0 0 2 1 2 1 2 1 2 1 2 1 2 1 0 0 0
0 0 0 0 0 0 0 0 0 0 0 0 0 0 0 0 0 0
0 0 0 0 0 0 0 0 0 0 0 0 0 0 0 0 0 0
TIME 75
COIN 5 4 Yellow
COIN 8 6 Blue
COIN 12 4 Green
SPECIAL LifeSource 6 6
SPECIAL Bomb 13 6
ENEMY LINEAR 7 2 2 0 1
ENEMY PATROL 11 5 2 11,5;14,5;14,7;11,7
